$ANSIBLE_VAULT;1.1;AES256
32393661613061646233386562383430663161373135303630666365613462306530326431343336
6334353836646662633834623666313538613561353363650a626638383835666462333533666337
38363261646566313563373565613864303165333261636166373336313530366161383534316462
3230613831373132640a363961303936313165643933633638303961336166643632326164323962
34656138656332333461656139396635343462663163326438613364336131376238333762393261
34663334393335636265306636613262303962666638313166373736653733313437323634366464
39363234623434666231653132363530363035313031313434313935303166393863356431396239
35353435303561366166383366353664613635386130366566373732666438356364323364616236
64643335646563303964313335666161333762326230336266646566393234373339323233653438
31636362343566373264383633323565343330303262343231343332396133373437326437353834
65633964363832363336396462653761623934643239383065633761323938346632653632633136
34323030663563626632313164386230666239636531653630383564633665633866663165623465
61643934646132643932383530376432353162333861383238363333323664346466643164303535
62306363383361393063623739326332356261306462353064663237616534326139303936326139
32663136393433343361383162326539376130366563306461346334346435333264663337336537
61363365623736303132643463393564666664323762353231323035643437376261316332313461
61356162643564326466343931653339306538653431656463333437653065626537383537336362
61366564316537313761313437393461373062613363613035316663343163343333646231343161
35383563653866623165636466636566303863303231613837343433313738383831616139376231
63663965346432356662643939316333383261643862666433333066646462633564363865366662
30636561643133393036363237313336326362353336643864633837626665316364303030636161
64343939613639636461353136343966396636643039643436376232353539383132623264343936
38396463363562353333343366393334343833623733613939383864353339323136386462306332
62663935303630313934323436376133616663366532306537633431666662386332613330633365
33323830663231323330363137323235333862396630336364316636613435366235316461396462
65623766336664383236666234323237303834636330313166306334323233336331316330626532
62353734306363303837343632613338313037346136376230376564363562366530363036343335
37363538393566356339313630323065376639656335393335326361383133393562333139326536
38383235386338646539383436363962643237333335353563383562373839666635316433383864
65326537353666376264616363643630396132343837653161356338316230353164626439376562
39356466313864343734363932663037396139343538396230313032633530616632323334363535
65636239653265323138326264346561303430353935666364653332323064323464343938303762
34353163353466666235353633373632383361383033356432323164616666623535623537326562
39373733366235346437666431313136383439656435383963326235303061373930343862643731
63333139653362363330353234313634373932346432306638656632393265373031386566356662
39323264626133346666383030633833333363393961353835373062643862656233353161653661
36613061353062313830396535363437383934653834306233373030303730346139393262626665
64636132633165656539363438353539623230323033353530616561613033376530663433343131
65623461643734636334633762663831346235636539666631366563323433643138316338383133
39613334326362343462336631363735303165313930336133353363333536323037343237303033
62336632303430323430313330666630353832353334636634353962613239646163643832326461
64356363666161656563326237333137373236626336363235323861663566663236386135656363
39333338353330336564373864366339323763613766346639396537326264633433373138336238
65333164336430623161656230333464353436386638373538363963346261633533373434386634
65303666336430313839383239636134646634663034623463613832383133633461303966336264
64376130643564646638623935386331343839353231343237613765353331346431353831633363
34313835316564656135666237666430383836616634393936333763363033326366313033333936
31303138396464653663313134303030623661663665383663643430343238623333646161643431
36366666363064303662373837306564303732383036306363343939373939393839316638376432
36613938656535653333616535363732666638353333613863633339326432623233643261373839
34393538346462353634326133306564613164326439626666343734363033346634636266616433
33306664623937353435643464383662373731356165396237366538383037633330633865373438
33656639303231646334303462316465383633666535613066366337323536356135313066363136
64303933353933626535323738353538616461613637353663373263613166393635666239623665
36656665393864343434396431323630633262613736626661303237363065373565646434383639
62646262383437623230623463393733346561303730653163306565646163346338636663616162
37616337336466373532373532313765363031323336613061313930333166316565653865663131
32306439663536636163326562336236363034306163663936666334376436653030303565626263
31663438613466383130346163393832373062356539646139613734306463646431306163353432
34636464366163386233383563643064303163353465643733326464626139383030666433656262
30356265383361353030353732313834623065623966366266386532393939323531353561643536
61366163383230613535373431653261646262333132396239393435386434393063633633343231
63636635316230356239323339646333323861643666336366613736633762353438646137663633
34383938313632313535346331613735646631633938396666366633346462396331363030623436
32646432323764656438343532393938323631313536616161353664653134643733323839386639
66633064643239613561346130633663623337333534373330313662373664663965613236346538
64646165353432643862316533343734333765623632353335373863326164393034323136336236
65613962386136383861656237626533326661366330646666313162316530643137383464393363
62323565323566373666666537646161373338623838383134343437376131376530613264343934
39333931653337643233363063336233613762656333333262613335303037306530323265636464
66663563306139383261366232363636373535366166333934383230323733323266333833333866
30333032636365666165643836306562316637326161636261326234373335336233336435346162
31643836373237643539666265303164383466656437363963626362643333623061303338303937
35333337363730306164626463396635353130656632643566303632643964366634383933666635
31333766363662393838373262626532386666626165643532376530376133613065303566313339
65343132626165366137633035393063343134366261613565333832613733343632303431346631
35666463383666356530323730396461336365346237306236376235386436373938353463626637
66383734363532383634656130366530316365643433373634333939326334303061306638356561
34303265306530653038333438333032336333313131346335383566396161366239343362616363
34333665323336343737343231646364353130646633653836393932326163353163356135303264
35393432376661386262663862613936316635643438646132333133613863336461343638326134
32613966326235356334356465306530356133393730643262376234626332636363366433343239
62383732316564613732666231303731313761306463373533303566323734323662306263613166
38626531333862346661623064323163396337333464343262356436636635383036663535616236
30666632643335633037373832393433346462653862363166356161323233383163666236323163
63323132363864323336616165393639393132343936333061623233366337613836383137643732
65373739373536373966363434366466386538336332613631303861366230353834383865623965
37653236393439376166373733333663653365353336303866303466633561623938653464343633
38323539376537666238636466333634363434373061613866323032376436306463323363313834
63333335306132313838653161336563303264366232303630613836326264323235333361616237
30646162313663646137333135666361323763303562393936623035613165623962393332633134
32346332663961306166326361633166346563333462316465623336636262306236626433366665
39373739626336353563653130653833336331623164643738666534323966616134646564666366
62643161383638346135363165616232393765383364656366356138643038393433393936313761
38396337343635633134353931393061643366376234353335616662613630343563623232346261
37653936363833323462366135616663646664393734343634346331373938643938336431613933
65616665303935326363376234663936376537653230353332383563336330306362356437656162
33663163633039303963393339383064663030663361386330373961623561373037656339373837
35326533333338396361383739353362633366643665666237343965336435393064613630313930
38633434656136643165343938323239643339353531343866323764663833636463633263346134
30313137363065363639313534646635643366663166663130376239396566373637343062653839
64323036353832316362396663383662356630383534303035373265326138366662666563643066
64343961636164643536376330613866366530323265313963363437306334333831346237643165
33663061363833353964653333613064626639323033393035303162326361333663383365666536
64303938356566313931666265663232653362336634643133383430663031366364353333326136
38636165316161383232373139666134353738373865373931373066383531343733306436653764
61353766386530343637306561613532306563343361373330366634393566656139383633326233
37656364343364386262386333333962353666643666353838633962623133393339316164353132
65613033666535363864343039316630303138656264346230646430383130663835626534313761
34303064356362313231353666616334303930313763383765343463656263343930393734636334
36356464353539326663656234313133353135313662336539376439656134383733353332663433
36363333633765653237636236633464393238323532333331623836323633306137303731333765
32333164653463393639666638396239346565383337363537383465653337613536656662383335
32323535383062353561346531636636366165636363616134353935313462313165653961336561
36663331373965313736656337313066363233393937393231663166623861643933396666656161
34643530343964366630616136363063626637363566363966323861626265653163346264333765
37356536313634363138613239356136393664393266323131393763636166646166653862333934
63383730613335623231636466366666363537356166313865313164313739643831653365623636
61333662663961306137333465353231666630303335313765373361316136363263393731633636
39623464383363646437303333616363663535616264653838653236646332353633393764306335
61393833646666316434383762613734346635343362666634386334663535636666303564656138
63323964656462323732336434306139353730336463643265646636346264353730636334343739
32653065313033373234653036373765316137663035323133393532313939636138356666303134
36636563373631356439613761643935353065643933623136316563316432373563316634643462
30623637316561666331663065376434363763653861363230353661353132393036616437653763
39343862666161343036666338613432653235363037613435373035366366353338653866393733
65373832313065616138633535373264656266653266643530373962353466373337656631623236
63316566363835613062363466323133636363383233313862303433326266653832333165346637
34656634363437663865656238313761653236656661386434656639643966633334303530343333
36386564306261373261653463356635303736613436353837613466393333663961623733346466
65313335313536396363313732633061643435366533326361303631633062643861386333376662
37373561356366356630613533353861363766666266303031323161646136376239313638303238
64386465656537653163396564386262316332353765653864316239663537313961313837333434
64366263626466636336316336393166636133363136653066626462653563353135363839303165
35336439336334663462613663323531373865396532393333336266633331626638646436626236
33336237366561303634343231323933373937343834366433393937353533616137323534383433
63336165613039303136633932653738633537356564656538316565316266626233303837346435
31396331666331353066396232333364303734343532326161346435333533396634363037343537
65656366663762303031303132636566323535393735333630366261336233363635643138333333
30663461656564356237383230323734333338373931343031646434636638373763323931333633
62316239336463396137303961646433363832316131303266643336336430356261393637323237
37666461396439336164616537396561363034316361346565383963383432366131626133643436
31323339353837613530383638396136306134336262663739386330303665353066643933366261
33373664363634373231353836336261626361343032373933353065626565356433393437363861
65646436353634366537393636333532316238626633393833353830366637346634663763626161
63336532313865316338386633623835386130396265383836303635653535666535313834373966
63633039383462393035383331346133323032636535353730616236323765316131303432663264
38356265386466313838363335623963623239313164613163323334366638666437656533333337
38383533376135636366663633373966333364346437636239323666616130323864376332356563
66386437613139363161623039373336613061383532306235373134336535346139393638623134
31643666333236653136353862306139313962663863633931373238326337363362336232306464
38653535346437373462383630336436636635323238376431613432393537393838636161643836
66613930383566396632633062613136396366656362343939356330646331336536333032646563
30396565336332333762373663373662313436623835376133373737326361303837623062663832
30313833643833393039616230376234356136363730333565663861336139373961333235306561
62633133376665323239386434373437313365363139663938323631303666326439613934376137
34343562396237636239313936656331363433663731353835643833353537643964656432316339
66316533663332396336353766373031376534353838343135396265383430386336366639656266
63633662613364646464316166643234656561623961653936373765336263346538613537346661
36613637396463343862653965343631646336376630623735383434383138646365383064373165
30623432313165616363363931666165363331333661356433363531356434373261373432313030
64613030303637313233323431643138333564653533346431313435303638333531383433336361
35346161656331313163323536656561333930623965363664376563363536653132623264396264
38353834613737366163333935376535353436623437383165373537313731386464383730646338
63653062336238656335663839653737623564336634626233653962333463313862656631656231
36613036643937623763393730643730303031376264656633333962376139346130666538386638
64383437316461326561613930393264666232653534643032353732666135333636363735313165
38363338383565646339636163313034343263613634623061613861333863633238323332636365
64326338636230623835313836386566646562326436336438373063373564353838356337633438
39303439373538343438383738326533613265303162616462316231646463363764356430633561
33393230323734303432653462343637643236313066306664356432353961656330383463633661
65393565326438353933373838343561633039616361333537373166396162653362633065343464
38326335306235336535613466363963313833666632643934656436356633333030626366383861
32353663323234303161346539353638303535363539383238393536663534336539636463623532
63356532343736376563346333343165663135386234666365333866613965656236356232626365
64373165643332383435393533323135343261646563636435656339643836353135343730356638
38336163646235346135383532353235656431396232623039646631346539666535653433313866
34303262383136333731333133383864336530343435353230376535383362303535616531626362
35353661323233323737306430393561626436303837663335333933623135633531613730373432
65323530626363353063626665653439396130643034666261623938323737366333633433383766
39626537323961333634626433333265623036303134643065636564393537353263306439316330
37376565343433613533336531333363666439383465393064373632306636323936393362643831
66653432323235373962396235656132633465656561393334626561366261666434343363353330
61633862373063393836626336326365623362373761653932633131316364343433313361353665
31363136376536366361626237656639386232663331626632616134306439323861666564623662
31336464353365623937393066643639363832633463353963613131363663616132353765633363
30613161663265313833393130316566616332396631623131623332313434396662616232373138
66643935353735633961316465393261393230663230393363616136656637336665613361666234
63653632623565333138663764353062653136336466393266383665313031333831646639613564
32393765376366303436393536636364616437343430373063623863396536353230656636643864
63336434356234323461653739643761616630613438356238343630313935396336393964616465
36373836373236313336626266393139616138633039363934306363393733366238353734643633
61623936373136383134663436646130646234663263613937303136386534376634356464626438
63393439383936313230663765346233663165316165323263356162336539343339623239363235
61633436393036666635623933666538333537333664343434366466353833313765323632323463
34643931323935613732666431333139666532336233616334373165333232356663643334373034
63353663626130303638646535663739326339376463383638643966356364383130626532376535
61643737626339326261313865323334313361373234303538383239383233653739306533323333
30306139386538333935663433376563653639303839646238626561366233633731613564336130
62336639656163616466666262383935663566646363373032363163383636643538663439303038
30386238623631363666626433393235356162383163663039626664626337643735323032636635
66396463303364393833373535333338333035363362353962333663363064363866316233666334
31326465363630343565343131643764623739643433353864623262646636306162636461353564
65376634313961373633633865626333313437366234623633313463313934636238366536656434
36376439336530383165396162353136356431613336613132373961626265353730386132323262
66656234346536656435613933323835613866663666353262393661383364663333626533636362
66663539663162363163663037636133386136336561636435636133313333333739386666616138
64653563656263316132383939633537343963656164316230323166373931376366643064633630
62316134393135366162396362333537343862353634376463336364623833636561333738356262
36323166306362633333373465303130303434333865623663643736343865323337336532363563
35613563623363613837393733346636336561326531613466643062633335626337633138396564
31643066643761623437333036633230643865623537666238373061383636626331313564306132
39363965353037336535613062623733623335316232343132333639636566333237653261333531
62656536626264613738326234663135653262623530363733626230636639383533383530613266
32306365333439616436346530633233356437633430353764376238366131326232616263376161
65366462396161353164346539353932616639613636316362326364636630323463343766306535
61343365626431656138343335343961653564356338643061653662356465653538396239346436
65613935616135623461643731346637333032393063356137396334353561646466633462636263
36353237353166333531313431666364353165666464383566623564386635633962306532313637
32306139643731666134373237393731666266356264336333663762316638326533373737313564
37366165343837643563356230333738663266333435376134623166303130626134333538353162
31656138363366666538636161313538376130643834623236393538306261316337646134323661
35323265613166373464393466353936613137343834373330633464326237346462303332383761
64643765343831666663626639333631333862303636363939356533663039376434623161303236
64346238303462396161626136663462363062613461356166363230313636666539613665653131
65316432653363353431353166323438353733323938653665376238346266393238643633303362
31383137663136613566343631633231343865353632613264336466356433323331626634356237
66646333626466636632373263306466333732656463346634666430643666373434326465613164
65306362666336626261363631343361366130653462333639323730356637316132383835396431
30383432393630313638313832303536666463323766373130353839363766633261616632386463
37613133393931396465366535643432383366366333633936326235306665373066303566623331
61326532383564626361386139376231353662616466396365323230326266623036303261643864
66653330633464656434663161663037643434396535336337366139343061373939613637356165
32323330376538646634306538323161363430393661303738333230613666376637343633363434
39663833336236643463643365666162373564663134383263386461393561323132393461613034
63343730353537343365383564383462373034343661636235343464646561653035623562363131
39396361626331356165303534383631353039633133633164326331613763666131316530303463
31613761666262306666626235323135666433303839373038666265613237336437343561646133
38353138643939343335383466666663316333363663613330613961646431656635383532643237
63383166383034313063303361303737303861313834616633396266313262343632383331623062
32363265303237656265323964363961393530376339306538613438353734343639343832396239
35623961363066353263343539623564323763626563313530643536336438343836353037623661
39633465386436663034313835373261323038323133363735303034363263653463623861323335
63636161373537366564303536613832313566303538303336323065376534623337343433353338
63326565343639613135373265386463383432363030646536303532343232346232316461333933
61366430393266623834356632393032356632383933613434636135646166633864393839303865
32353131643836626438643162316363353766323061393533666664373966353539623961656236
36616531306466633562343466396237636161636339326235663935386637646235626665356536
33626362353163666165353165363164613566336135343436373931336638323430376261653666
32373938363231666365633635666462376238653631663461616637313935353662366365353233
65373761626461353862373738323234666365343462383135393537363338383733656234316438
64376338623736646366396638356430353338343232633530386231653164656536316538653339
61626631383235613733333561323864643766386534646635333562313439326432373061616466
30363738386638643363663661666434633234336436323735656337343538613161333862303766
33353038356638636533353231613566616666643263303764643736343830636639623833656336
65353636386465393263313934616361383532376336643763383536306431656262303038353865
66336137393333626434333331623238636365373963313461366265393665643364613838613433
32663566323065353862336439653763626463313461393164633366376266333032613938396638
32336631343262383732366234303833323236663339333662626265363338376362366261656433
61396666646430626332623366306135326563313038313661336431666436313266313735326133
66656134356331616561366232346666373832356339663464303939646538323866663365313763
63383361366264626233656662653932666365633339396538306539343130376261633835323134
34373831633631646339653766613038383832653635373066623237313132616536643136313235
33303763616264626635356163646536663131333839356235393134663462333162333766373037
63386133663436356161393863666161356364663466393364633031363139363863323533316135
34613030333563633261623465633965353633636662343862613337656236323634616531633938
30313662663630343731383464643763323337306362613433343431303039386633323965313131
63383766323836383235386136306531656334616437346431316530643636323634626261363538
33643962396363343737306230323833633632633134613730646230383438316333326238636338
6464646434613133393038666266373164633430373161303766
